E(RMP2) = -958.367098069654  E_corr = -6.62810938954743
E(SCS-RMP2) = -958.585565841659  E_corr = -6.84657716155246
CASCI E = -950.526416704023  E(CI) = 3.93169548699029  S^2 = 0.0000000
